Ca Chemical Shifts
1	 ALA	 999.00	999.00	999.00	999.00	999.00	999.00	999.00	999.00	999.00	999.00	999.00	999.00	999.00	999.00	999.00	999.00	999.00	999.00	999.00	999.00	999.00
2	 THR	  62.81	 62.47	 57.35	 57.92	 59.98	 57.76	 64.55	 58.12	 56.90	 59.87	 58.04	 57.58	 58.79	 62.15	 59.48	 54.48	 62.30	 62.16	 58.05	 58.90	 52.84
3	 SER	  54.72	 54.25	 52.31	 55.49	 60.34	 54.14	 55.24	 57.71	 54.79	 52.48	 58.53	 57.12	 52.55	 52.95	 57.03	 56.16	 58.82	 55.91	 54.64	 54.39	 60.96
4	 THR	  60.07	 57.70	 57.10	 57.57	 58.42	 60.72	 56.43	 60.09	 56.68	 60.80	 59.34	 63.53	 58.91	 62.92	 56.86	 56.73	 57.82	 65.87	 58.01	 62.10	 61.68
5	 LYS	  58.23	 54.36	 54.16	 56.65	 59.97	 56.68	 56.61	 60.27	 56.35	 53.98	 49.10	 50.62	 53.31	 53.12	 50.07	 57.28	 54.38	 52.98	 52.86	 57.32	 53.40
6	 LYS	  53.16	 50.29	 54.46	 55.11	 50.63	 58.12	 52.72	 55.07	 57.31	 55.54	 53.51	 53.87	 49.93	 54.24	 55.95	 54.52	 52.24	 57.54	 56.73	 49.52	 49.06
7	 LEU	  52.09	 51.92	 49.34	 51.09	 54.26	 52.22	 53.50	 52.72	 54.63	 51.51	 52.41	 52.36	 58.60	 53.17	 52.90	 58.30	 55.10	 52.97	 56.00	 55.09	 56.51
8	 HIS	  51.75	 52.88	 51.94	 53.02	 51.16	 50.79	 51.30	 53.04	 53.28	 51.15	 52.83	 50.59	 53.08	 52.62	 51.00	 53.18	 52.78	 50.94	 53.04	 52.87	 52.51
9	 LYS	  54.75	 54.44	 52.12	 55.08	 52.74	 53.77	 53.96	 52.31	 51.88	 54.01	 54.16	 54.99	 53.77	 53.82	 55.95	 52.44	 54.39	 51.23	 52.80	 54.89	 52.62
10	 GLU	  59.04	 59.08	 59.65	 59.55	 56.13	 59.55	 59.30	 52.46	 56.60	 56.31	 59.30	 58.98	 59.49	 59.37	 52.17	 59.14	 59.48	 59.18	 59.03	 59.04	 52.28
11	 ALA	  52.01	 51.35	 50.99	 51.40	 51.23	 51.84	 51.50	 52.78	 51.24	 51.55	 51.10	 51.93	 50.69	 51.51	 52.78	 51.33	 50.97	 51.43	 51.35	 51.03	 52.77
12	 ALA	  55.18	 55.67	 55.50	 55.42	 55.26	 55.34	 55.25	 55.91	 55.37	 55.34	 55.41	 55.62	 55.54	 55.65	 56.07	 55.14	 55.57	 55.25	 55.43	 55.05	 55.91
13	 THR	  61.51	 61.58	 61.83	 62.18	 61.68	 61.70	 61.66	 60.72	 61.84	 61.80	 61.81	 62.33	 62.22	 62.55	 61.45	 61.75	 61.68	 61.66	 61.92	 61.70	 61.46
14	 LEU	  52.11	 52.43	 52.26	 52.53	 52.19	 52.31	 52.30	 52.37	 52.34	 52.35	 52.33	 52.79	 53.55	 54.12	 52.18	 52.28	 52.60	 52.13	 52.60	 52.40	 52.40
15	 ILE	  63.99	 63.36	 63.92	 61.48	 64.06	 64.03	 63.89	 61.66	 63.70	 61.28	 63.71	 62.34	 61.73	 57.66	 64.09	 63.88	 63.36	 64.10	 63.04	 63.71	 63.28
16	 LYS	  58.52	 59.21	 58.46	 59.22	 55.13	 55.14	 59.14	 59.67	 58.74	 56.62	 58.93	 59.51	 57.70	 59.95	 55.69	 57.90	 55.24	 59.09	 54.87	 54.71	 55.10
17	 ALA	  49.78	 51.22	 50.30	 50.90	 50.67	 50.59	 50.68	 50.76	 50.47	 51.00	 50.22	 50.41	 50.80	 51.19	 50.92	 50.43	 50.26	 50.70	 50.37	 50.63	 50.45
18	 ILE	  59.83	 59.92	 56.87	 53.98	 59.47	 59.75	 59.63	 59.86	 59.45	 59.18	 56.39	 59.69	 58.70	 56.43	 56.90	 56.73	 57.04	 56.71	 59.65	 59.36	 59.59
19	 ASP	  52.70	 53.92	 52.75	 53.61	 52.73	 52.17	 51.80	 53.18	 53.75	 52.66	 52.84	 50.49	 52.25	 51.28	 52.08	 53.74	 51.67	 52.74	 51.43	 54.11	 52.17
20	 GLY	  44.40	 44.36	 44.54	 46.21	 44.33	 44.32	 44.51	 46.48	 44.52	 44.82	 46.09	 45.07	 43.73	 45.10	 46.01	 44.52	 44.25	 45.98	 44.95	 44.75	 44.57
21	 ASP	  52.81	 53.20	 53.45	 53.08	 52.83	 53.24	 52.81	 53.85	 53.21	 52.92	 53.67	 53.79	 50.99	 50.85	 53.78	 53.26	 52.51	 53.73	 52.68	 53.70	 52.89
22	 THR	  61.07	 60.47	 61.34	 60.65	 59.62	 60.62	 59.94	 61.30	 60.23	 60.44	 61.43	 60.86	 59.86	 59.70	 62.01	 60.38	 60.80	 62.51	 60.60	 60.82	 61.09
23	 VAL	  56.98	 58.88	 56.90	 58.03	 56.97	 56.96	 56.99	 58.19	 56.93	 57.73	 57.26	 57.28	 57.20	 57.36	 57.69	 57.06	 57.25	 57.71	 57.03	 56.93	 57.12
24	 LYS	  56.17	 54.47	 54.33	 56.31	 55.90	 56.17	 55.42	 52.76	 56.29	 56.11	 52.03	 56.27	 54.88	 56.68	 55.92	 55.71	 54.58	 56.27	 55.85	 53.72	 55.79
25	 LEU	  53.08	 52.84	 53.78	 53.18	 52.97	 52.27	 52.94	 52.95	 53.41	 52.90	 53.10	 53.54	 52.35	 52.36	 53.83	 53.33	 52.79	 53.57	 52.93	 53.12	 52.72
26	 MET	  53.48	 55.09	 54.64	 55.17	 53.42	 53.63	 54.91	 53.69	 52.69	 54.76	 54.51	 51.59	 55.00	 54.45	 52.38	 54.35	 54.73	 54.84	 54.79	 52.31	 54.67
27	 TYR	  56.17	 56.35	 56.38	 56.09	 56.26	 56.24	 56.55	 56.48	 56.52	 55.98	 56.59	 56.31	 56.03	 56.00	 56.54	 56.28	 56.30	 56.24	 56.22	 56.45	 56.61
28	 LYS	  52.99	 52.73	 52.93	 52.05	 52.74	 52.94	 53.75	 52.80	 52.87	 52.08	 52.91	 52.92	 52.08	 52.08	 52.67	 52.90	 52.12	 52.88	 52.09	 52.06	 52.93
29	 GLY	  43.25	 43.00	 43.42	 43.40	 43.00	 43.27	 42.95	 42.99	 42.99	 43.44	 43.35	 43.35	 43.29	 43.66	 43.13	 43.33	 43.68	 43.33	 43.50	 43.60	 42.94
30	 GLN	  51.71	 52.01	 51.92	 51.68	 52.15	 51.86	 51.20	 52.18	 51.61	 51.64	 51.17	 51.73	 51.74	 51.29	 51.19	 51.73	 51.50	 51.77	 51.70	 51.45	 51.03
31	 ALA	  49.02	 49.05	 50.24	 49.36	 49.10	 49.93	 49.08	 49.26	 49.36	 50.02	 49.25	 49.93	 49.59	 50.23	 49.26	 49.05	 49.62	 49.35	 49.28	 50.94	 49.34
32	 MET	  50.99	 51.03	 50.81	 49.69	 50.97	 50.31	 50.92	 50.92	 50.92	 51.11	 50.10	 50.53	 50.94	 51.97	 50.37	 51.01	 50.93	 50.92	 50.92	 51.48	 51.04
33	 THR	  62.48	 62.23	 62.64	 63.04	 62.76	 62.40	 62.16	 62.59	 62.45	 62.27	 61.28	 62.67	 62.44	 62.84	 62.30	 62.87	 61.80	 62.99	 62.39	 62.56	 62.28
34	 PHE	  57.22	 57.26	 57.20	 57.33	 57.17	 57.15	 57.27	 57.25	 57.26	 57.33	 57.31	 57.14	 57.16	 57.31	 57.38	 57.27	 57.38	 57.10	 57.26	 56.91	 57.20
35	 ARG	  52.58	 52.36	 50.62	 52.66	 51.66	 51.91	 54.26	 52.22	 54.82	 54.91	 54.89	 52.43	 52.34	 52.26	 52.14	 54.43	 53.94	 53.00	 50.71	 54.36	 52.00
36	 LEU	  55.55	 55.09	 54.54	 56.64	 55.50	 54.90	 56.68	 56.15	 55.24	 55.37	 54.97	 55.44	 54.85	 54.76	 54.97	 56.84	 55.40	 56.23	 56.03	 55.92	 56.08
37	 LEU	  54.00	 53.36	 54.90	 53.98	 54.03	 54.68	 54.56	 54.61	 53.10	 53.66	 53.17	 54.14	 55.90	 53.21	 53.64	 54.16	 55.68	 53.58	 56.18	 54.00	 54.56
38	 LEU	  55.73	 55.61	 54.73	 55.68	 55.48	 54.92	 55.40	 55.47	 55.21	 55.26	 55.56	 55.60	 55.36	 55.65	 55.75	 55.52	 55.44	 55.47	 54.73	 55.62	 55.60
39	 VAL	  59.16	 59.02	 60.07	 60.12	 59.33	 59.63	 59.70	 59.87	 59.09	 59.01	 59.01	 59.58	 59.74	 59.45	 59.15	 60.27	 59.91	 60.11	 60.09	 59.20	 60.10
40	 ASP	  51.95	 51.91	 50.60	 51.27	 51.38	 51.11	 51.79	 51.03	 50.85	 52.60	 51.86	 51.87	 52.19	 52.40	 52.48	 51.91	 52.24	 50.93	 51.54	 51.97	 51.55
41	 THR	  58.37	 57.81	 57.82	 58.16	 58.18	 58.22	 57.55	 59.01	 58.00	 58.18	 59.49	 59.15	 57.41	 58.77	 57.08	 57.74	 56.98	 58.91	 58.88	 57.21	 57.94
42	 ALA	  55.70	 57.67	 55.68	 55.73	 55.66	 55.68	 54.20	 52.65	 55.38	 53.41	 55.61	 54.95	 54.70	 54.14	 54.85	 54.26	 54.93	 54.80	 55.54	 54.80	 55.89
43	 GLU	  51.73	 53.99	 54.56	 57.25	 57.57	 52.37	 51.06	 51.09	 57.55	 53.30	 53.88	 58.70	 54.43	 56.91	 51.58	 52.72	 52.54	 54.55	 52.72	 54.85	 54.29
44	 THR	  59.06	 57.64	 58.88	 56.41	 65.30	 55.62	 57.43	 52.95	 57.22	 54.26	 56.62	 63.96	 56.50	 62.04	 58.33	 50.58	 59.01	 56.42	 58.48	 55.81	 56.90
45	 LYS	  51.36	 50.75	 55.06	 51.49	 50.97	 53.17	 51.54	 50.93	 52.30	 50.01	 50.86	 50.15	 51.93	 54.55	 51.46	 52.45	 51.76	 52.37	 50.69	 52.87	 52.55
46	 HIS	  52.61	 54.89	 56.26	 54.68	 54.81	 52.74	 56.34	 55.21	 54.28	 59.48	 54.36	 56.31	 52.74	 58.28	 52.44	 55.45	 54.98	 55.22	 53.41	 55.36	 53.07
47	 THR	  62.41	 63.44	 59.81	 58.00	 62.55	 62.51	 58.06	 62.55	 63.11	 63.34	 62.47	 63.20	 62.14	 59.80	 62.24	 63.46	 58.11	 59.40	 63.45	 62.36	 63.01
48	 LYS	  55.37	 55.12	 54.23	 55.80	 55.30	 56.25	 57.01	 56.08	 51.69	 59.79	 56.29	 54.76	 56.57	 51.12	 56.30	 58.34	 57.97	 51.18	 54.75	 57.36	 54.17
49	 LYS	  57.13	 57.20	 57.05	 57.28	 57.32	 58.93	 57.36	 57.13	 59.49	 57.71	 57.11	 59.36	 57.39	 53.56	 57.09	 57.36	 57.19	 59.00	 56.84	 57.07	 57.12
50	 GLY	  42.12	 42.00	 46.33	 41.98	 44.89	 43.92	 42.35	 42.01	 44.32	 41.96	 42.07	 42.32	 42.27	 42.91	 43.52	 46.81	 44.72	 42.46	 42.40	 46.55	 42.41
51	 VAL	  58.84	 58.85	 56.85	 58.88	 57.31	 55.53	 58.62	 58.89	 59.89	 57.90	 58.22	 58.50	 58.29	 56.76	 57.61	 61.18	 55.77	 58.81	 58.93	 62.92	 58.82
52	 GLU	  53.88	 53.96	 54.69	 54.01	 54.50	 54.82	 55.80	 54.48	 54.79	 55.07	 53.23	 53.46	 53.92	 54.85	 53.66	 53.72	 56.17	 53.93	 53.66	 60.12	 54.22
53	 LYS	  53.21	 53.44	 50.73	 51.57	 51.38	 54.53	 53.92	 52.30	 52.90	 51.56	 55.87	 54.46	 55.68	 50.22	 50.84	 49.98	 52.81	 53.71	 54.60	 54.73	 54.40
54	 TYR	  59.05	 60.05	 59.78	 60.04	 59.84	 59.48	 58.56	 60.11	 59.99	 58.64	 60.02	 60.21	 58.51	 58.57	 58.82	 58.70	 59.28	 59.76	 58.73	 60.55	 60.70
55	 GLY	  45.33	 43.91	 46.35	 44.88	 43.94	 43.87	 44.09	 45.31	 45.45	 45.23	 43.66	 44.19	 44.87	 46.05	 45.02	 45.37	 45.73	 45.27	 44.84	 44.53	 45.79
56	 ALA	  52.23	 52.74	 52.61	 52.89	 52.58	 52.27	 52.43	 53.18	 52.28	 53.01	 52.72	 52.77	 52.66	 52.00	 52.49	 52.24	 52.77	 53.12	 51.79	 52.98	 53.17
57	 GLU	  55.84	 54.93	 55.89	 57.19	 55.92	 55.42	 55.82	 55.88	 54.58	 56.01	 54.97	 56.92	 56.25	 56.46	 55.12	 56.72	 56.32	 57.04	 55.13	 55.37	 55.30
58	 ALA	  53.23	 53.14	 53.12	 53.24	 53.20	 53.23	 53.17	 53.13	 53.28	 53.20	 53.23	 53.19	 53.22	 52.95	 53.27	 52.90	 53.30	 53.32	 53.01	 53.15	 52.99
59	 SER	  58.47	 56.47	 59.01	 56.39	 60.26	 56.25	 59.32	 59.07	 60.49	 56.60	 57.73	 56.72	 58.54	 59.66	 58.78	 56.75	 55.17	 58.13	 57.52	 58.97	 57.74
60	 ALA	  53.12	 52.68	 53.20	 52.98	 53.09	 52.67	 53.21	 52.87	 53.03	 53.08	 53.05	 52.81	 52.97	 53.09	 52.82	 53.08	 52.94	 53.05	 52.98	 52.81	 52.96
61	 PHE	  57.59	 58.02	 57.63	 58.08	 57.32	 57.60	 58.06	 58.30	 58.26	 57.62	 58.09	 57.38	 58.38	 58.37	 57.45	 57.93	 57.53	 58.11	 58.45	 57.86	 58.01
62	 THR	  63.22	 64.56	 64.05	 64.36	 63.94	 64.37	 63.59	 63.93	 63.48	 63.22	 64.03	 63.44	 63.55	 63.95	 64.20	 63.88	 64.05	 63.64	 64.00	 63.93	 64.19
63	 LYS	  55.64	 56.15	 54.67	 56.51	 58.20	 56.30	 56.74	 56.38	 55.62	 55.75	 55.68	 54.70	 56.27	 55.69	 54.20	 55.60	 53.35	 58.31	 55.68	 58.52	 56.05
64	 LYS	  53.29	 58.53	 53.11	 53.24	 53.22	 58.68	 53.61	 53.66	 52.91	 53.34	 53.43	 58.90	 52.67	 53.39	 52.93	 53.43	 53.18	 53.23	 53.40	 53.25	 53.52
65	 MET	  54.10	 55.00	 55.69	 53.89	 54.11	 54.24	 53.34	 54.90	 53.94	 54.15	 53.89	 53.35	 54.65	 53.40	 54.24	 54.21	 54.56	 54.00	 53.79	 54.24	 53.85
66	 VAL	  58.73	 58.55	 58.31	 59.50	 58.57	 59.36	 59.48	 58.60	 59.34	 59.11	 59.10	 59.35	 58.78	 59.61	 58.61	 58.69	 59.60	 58.39	 58.98	 59.45	 59.53
67	 GLU	  56.76	 56.60	 56.28	 55.00	 55.77	 56.40	 55.90	 56.13	 57.48	 57.39	 56.28	 55.14	 56.35	 54.33	 56.76	 56.04	 54.53	 56.77	 56.63	 56.02	 54.48
68	 ASN	  48.07	 50.40	 50.32	 50.48	 50.29	 48.34	 51.84	 50.54	 49.96	 50.95	 51.79	 52.52	 50.56	 50.56	 52.74	 49.77	 51.14	 52.45	 49.81	 51.10	 50.37
69	 ALA	  53.07	 53.30	 48.69	 52.74	 53.35	 52.75	 53.20	 49.02	 48.64	 53.23	 53.25	 53.01	 49.08	 52.88	 48.83	 53.24	 52.80	 48.96	 52.97	 53.07	 52.99
70	 LYS	  60.35	 58.17	 56.53	 57.14	 60.59	 61.60	 61.04	 52.83	 55.80	 58.08	 58.15	 60.50	 52.96	 58.04	 53.02	 60.52	 60.35	 53.22	 61.60	 61.58	 60.60
71	 LYS	  54.14	 53.49	 53.18	 54.15	 54.09	 54.47	 54.23	 53.01	 53.17	 53.70	 53.72	 54.08	 53.09	 54.01	 52.84	 53.84	 55.32	 52.78	 54.35	 54.36	 54.16
72	 ILE	  60.16	 59.91	 59.97	 60.28	 59.84	 60.18	 60.08	 60.51	 60.08	 60.29	 60.05	 60.02	 59.97	 60.31	 60.60	 60.04	 60.50	 59.98	 60.13	 59.86	 60.43
73	 GLU	  53.84	 52.43	 51.96	 55.12	 51.79	 53.47	 51.60	 50.63	 53.34	 54.03	 55.12	 54.28	 53.51	 53.73	 50.19	 55.05	 53.36	 54.80	 54.84	 55.14	 51.19
74	 VAL	  56.53	 56.02	 56.16	 56.63	 56.41	 56.76	 56.36	 57.42	 57.06	 56.56	 56.79	 56.55	 56.21	 56.60	 57.49	 56.74	 56.49	 57.05	 56.40	 56.52	 57.41
75	 GLU	  53.73	 54.56	 55.25	 53.22	 54.48	 53.77	 55.12	 53.36	 54.84	 53.90	 53.36	 54.07	 55.42	 53.76	 53.82	 53.82	 54.92	 53.93	 55.41	 53.97	 53.78
76	 PHE	  57.01	 57.06	 58.10	 57.85	 57.22	 57.86	 57.10	 57.36	 56.90	 57.42	 57.47	 57.19	 57.03	 57.04	 57.77	 57.33	 57.09	 56.57	 57.09	 57.42	 57.65
77	 ASP	  51.38	 52.27	 51.75	 52.44	 52.11	 50.94	 50.01	 53.01	 51.35	 51.53	 51.11	 50.32	 52.16	 50.50	 50.98	 51.66	 50.21	 53.55	 50.78	 50.69	 49.13
78	 LYS	  56.86	 57.57	 51.97	 53.17	 51.10	 51.75	 58.41	 56.35	 54.38	 58.68	 55.68	 56.35	 55.53	 58.26	 54.79	 52.42	 56.42	 59.74	 55.76	 56.81	 57.18
79	 GLY	  43.22	 43.62	 43.67	 44.13	 43.01	 44.92	 43.65	 45.07	 44.78	 43.00	 45.70	 44.97	 43.49	 44.10	 45.22	 42.88	 41.94	 42.98	 43.00	 43.16	 43.69
80	 GLN	  53.42	 53.59	 51.32	 52.90	 54.02	 50.48	 53.26	 52.71	 51.55	 53.44	 53.61	 53.00	 52.10	 54.14	 53.64	 53.49	 52.37	 53.73	 52.91	 51.43	 50.64
81	 ARG	  54.56	 53.58	 52.77	 55.70	 53.29	 54.98	 55.87	 52.86	 55.29	 54.81	 54.37	 53.93	 53.63	 56.31	 52.90	 53.01	 55.25	 54.02	 54.17	 54.21	 53.30
82	 THR	  54.91	 54.89	 53.66	 52.50	 54.48	 55.74	 53.61	 55.72	 52.80	 54.04	 54.30	 55.50	 54.11	 54.29	 56.31	 55.09	 53.03	 55.44	 53.33	 54.05	 55.29
83	 ASP	  50.08	 50.39	 54.30	 54.18	 51.08	 50.41	 50.55	 50.42	 54.83	 51.12	 50.53	 50.32	 51.14	 51.05	 50.63	 50.44	 50.76	 53.71	 50.73	 50.56	 52.68
84	 LYS	  53.63	 57.03	 59.97	 56.11	 53.67	 53.44	 54.12	 53.64	 57.63	 53.59	 54.13	 53.05	 58.35	 53.60	 53.44	 58.52	 58.02	 57.31	 51.03	 50.87	 52.94
85	 TYR	  56.44	 54.98	 57.33	 54.83	 56.47	 56.03	 55.07	 55.26	 57.30	 55.42	 56.38	 55.77	 55.29	 55.52	 55.40	 55.57	 55.36	 52.67	 55.05	 56.32	 55.54
86	 GLY	  44.45	 44.66	 42.64	 44.69	 44.56	 44.71	 44.43	 44.48	 42.51	 44.51	 44.54	 44.52	 44.38	 44.50	 44.46	 44.55	 44.50	 45.13	 44.46	 44.55	 44.54
87	 ARG	  52.83	 54.86	 55.61	 52.73	 50.40	 53.61	 52.43	 55.41	 55.50	 54.42	 52.48	 55.04	 54.80	 53.68	 50.91	 50.10	 52.10	 51.57	 54.45	 51.79	 51.05
88	 GLY	  44.19	 44.26	 44.21	 44.08	 44.22	 44.21	 44.25	 46.31	 46.11	 44.30	 44.31	 44.28	 44.21	 44.28	 44.22	 44.23	 44.24	 46.57	 44.23	 44.18	 44.20
89	 LEU	  54.87	 54.98	 52.97	 54.85	 54.87	 54.75	 53.88	 54.52	 54.70	 54.74	 54.96	 55.04	 54.79	 54.89	 55.07	 54.84	 54.17	 54.94	 54.18	 53.80	 55.11
90	 ALA	  52.80	 52.79	 52.59	 53.00	 52.77	 52.90	 52.89	 52.70	 52.72	 53.00	 52.78	 52.84	 52.67	 52.88	 52.66	 52.69	 52.68	 52.71	 52.78	 52.67	 52.76
91	 TYR	  57.88	 57.20	 54.26	 55.56	 57.44	 57.73	 57.28	 54.68	 54.31	 56.50	 57.23	 57.78	 57.57	 56.38	 55.72	 57.50	 57.62	 57.65	 56.53	 57.79	 55.72
92	 ILE	  56.07	 56.38	 55.97	 56.28	 56.17	 56.10	 56.41	 56.22	 56.32	 56.26	 56.26	 56.33	 56.33	 55.94	 56.02	 56.19	 56.35	 56.19	 56.25	 56.37	 56.17
93	 TYR	  55.24	 55.31	 55.55	 55.63	 54.22	 54.77	 54.98	 55.23	 55.78	 55.75	 56.30	 55.84	 56.35	 55.06	 55.44	 54.82	 54.19	 56.55	 54.83	 54.79	 55.01
94	 ALA	  49.08	 49.14	 49.21	 49.26	 49.19	 49.14	 49.19	 49.06	 49.11	 49.14	 49.09	 49.15	 49.07	 49.18	 49.13	 49.14	 49.01	 49.09	 49.20	 49.21	 49.16
95	 ASP	  53.22	 53.36	 54.16	 53.61	 53.38	 53.28	 53.39	 54.10	 54.21	 53.28	 53.40	 53.26	 54.08	 53.63	 54.33	 53.43	 53.17	 53.62	 53.45	 53.21	 53.16
96	 GLY	  44.19	 44.08	 44.06	 44.01	 44.19	 43.99	 43.70	 43.94	 43.92	 44.22	 43.87	 44.31	 43.92	 43.88	 43.79	 44.25	 44.44	 44.01	 43.94	 44.17	 44.10
97	 LYS	  52.56	 50.57	 50.49	 51.92	 52.47	 52.96	 49.67	 50.27	 50.50	 52.53	 52.76	 52.50	 52.90	 50.63	 50.55	 50.43	 52.52	 50.37	 50.67	 52.23	 50.59
98	 MET	  56.28	 54.91	 54.80	 50.58	 55.94	 55.66	 54.40	 55.66	 54.40	 54.86	 54.97	 54.29	 55.26	 55.85	 55.05	 56.05	 55.95	 55.08	 55.74	 54.74	 56.53
99	 VAL	  62.64	 62.20	 62.31	 61.61	 62.41	 62.11	 62.40	 62.03	 62.16	 62.06	 61.59	 62.45	 62.08	 62.02	 62.15	 62.45	 62.62	 61.71	 62.04	 62.61	 62.33
100	 ASN	  52.34	 52.12	 51.30	 53.78	 51.96	 51.18	 54.13	 52.28	 52.04	 51.72	 52.29	 51.35	 50.97	 51.66	 51.36	 52.61	 52.27	 50.56	 51.09	 51.04	 51.87
101	 GLU	  58.09	 57.17	 57.68	 55.11	 57.37	 57.19	 54.39	 56.98	 57.64	 54.92	 55.38	 54.47	 56.00	 55.56	 57.17	 57.66	 57.40	 55.26	 56.95	 58.27	 57.84
102	 ALA	  52.81	 53.12	 53.05	 53.06	 53.24	 53.17	 53.08	 53.14	 53.11	 52.88	 53.13	 52.91	 52.73	 52.84	 52.97	 53.23	 53.26	 53.05	 53.06	 52.97	 52.82
103	 LEU	  55.23	 55.31	 55.26	 55.50	 55.82	 55.58	 55.45	 55.33	 55.37	 55.24	 55.33	 55.25	 55.36	 55.24	 55.26	 55.48	 55.80	 55.42	 55.42	 55.64	 55.19
104	 VAL	  62.71	 62.64	 63.00	 63.12	 62.90	 63.15	 63.01	 63.19	 63.24	 62.60	 63.06	 63.04	 63.04	 62.74	 62.90	 62.59	 62.67	 62.92	 62.83	 62.70	 62.50
105	 ARG	  55.69	 56.18	 54.83	 54.00	 55.66	 54.67	 55.92	 55.04	 55.82	 55.61	 55.82	 55.03	 55.58	 55.23	 53.50	 57.07	 55.30	 55.71	 57.49	 55.68	 54.21
106	 GLN	  53.33	 56.70	 53.60	 56.32	 54.10	 50.68	 56.71	 53.44	 54.45	 54.91	 57.01	 53.41	 53.18	 52.86	 57.07	 53.54	 56.67	 52.96	 53.15	 53.17	 57.06
107	 GLY	  43.43	 43.68	 43.65	 43.44	 43.25	 43.39	 43.61	 43.14	 43.03	 43.17	 43.20	 43.25	 43.27	 43.13	 43.13	 43.74	 43.76	 43.03	 43.25	 43.81	 43.09
108	 LEU	  52.55	 53.60	 53.15	 52.85	 55.67	 52.69	 52.62	 55.98	 55.65	 52.84	 55.61	 52.90	 52.48	 52.60	 55.59	 57.31	 53.77	 52.51	 55.53	 54.06	 52.83
109	 ALA	  49.48	 48.51	 48.85	 49.46	 48.70	 48.51	 50.62	 48.79	 48.80	 48.60	 49.79	 48.90	 48.99	 48.91	 48.82	 49.20	 48.75	 48.96	 49.59	 48.50	 48.57
110	 LYS	  49.84	 49.45	 51.30	 50.05	 50.10	 50.48	 50.36	 50.79	 51.43	 50.05	 50.17	 49.92	 49.83	 50.27	 50.13	 52.11	 49.76	 52.47	 49.89	 50.04	 50.07
111	 VAL	  60.46	 59.13	 59.62	 59.95	 60.33	 62.00	 59.71	 54.77	 58.76	 60.91	 56.30	 61.19	 56.74	 61.52	 60.99	 55.12	 60.03	 61.81	 59.78	 62.09	 59.95
112	 ALA	  49.17	 49.90	 49.62	 49.43	 49.28	 51.67	 49.51	 50.44	 50.06	 49.63	 49.26	 49.30	 49.18	 48.17	 52.11	 49.87	 49.38	 49.80	 49.54	 52.12	 49.69
113	 TYR	  57.09	 50.03	 52.11	 54.28	 51.84	 61.96	 56.13	 54.73	 54.82	 55.08	 55.54	 57.63	 50.29	 54.06	 61.32	 54.97	 51.39	 55.34	 57.58	 61.31	 52.91
114	 VAL	  60.80	 59.92	 58.93	 56.58	 58.14	 56.73	 61.63	 59.47	 56.48	 59.07	 58.51	 60.95	 59.47	 56.80	 59.44	 60.02	 61.84	 59.34	 61.32	 59.56	 58.56
115	 TYR	  55.51	 54.23	 52.90	 52.47	 58.54	 59.44	 57.39	 55.65	 62.54	 57.95	 53.79	 60.97	 59.26	 62.91	 54.69	 58.19	 57.54	 57.30	 60.85	 54.05	 54.76
116	 LYS	  55.78	 51.49	 57.35	 52.89	 55.39	 57.26	 57.07	 59.77	 60.23	 58.88	 51.87	 57.52	 57.15	 55.24	 51.74	 54.28	 57.07	 59.64	 57.29	 52.19	 53.35
117	 GLY	  44.07	 45.53	 43.89	 43.73	 44.31	 44.87	 46.44	 43.52	 43.50	 44.25	 45.38	 46.53	 46.50	 44.19	 45.64	 46.05	 46.45	 43.95	 46.16	 44.03	 45.38
118	 ASN	  49.70	 50.14	 53.72	 49.35	 50.23	 50.10	 50.62	 49.88	 50.51	 50.65	 50.23	 49.93	 49.40	 47.08	 51.37	 51.33	 49.69	 49.17	 49.92	 49.82	 50.41
119	 ASN	  53.89	 51.04	 52.64	 48.95	 50.85	 49.46	 53.24	 53.38	 49.59	 50.66	 50.23	 51.03	 50.55	 53.02	 50.43	 50.13	 51.27	 51.80	 53.40	 50.45	 50.31
120	 THR	  63.46	 61.94	 60.79	 62.35	 61.69	 62.40	 59.48	 64.07	 62.79	 62.64	 62.60	 62.37	 62.21	 62.29	 63.05	 62.12	 62.11	 62.13	 63.40	 61.86	 61.87
121	 HIS	  54.99	 55.95	 53.75	 55.07	 54.28	 54.46	 54.39	 53.68	 53.72	 54.76	 55.71	 55.02	 56.36	 53.21	 54.99	 52.16	 53.19	 54.22	 55.11	 55.49	 54.92
122	 GLU	  54.92	 56.83	 57.11	 55.09	 55.15	 56.43	 55.68	 56.78	 56.07	 56.29	 56.43	 54.96	 56.91	 56.19	 55.18	 56.29	 55.92	 55.27	 55.21	 54.92	 55.20
123	 GLN	  55.98	 53.16	 53.77	 54.29	 52.98	 56.84	 55.59	 54.28	 55.00	 52.35	 54.75	 53.93	 56.07	 54.68	 54.08	 52.54	 54.05	 51.87	 53.32	 57.36	 53.71
124	 LEU	  56.31	 53.56	 55.23	 55.31	 57.56	 54.78	 54.41	 54.22	 54.27	 53.79	 53.52	 55.31	 53.29	 55.03	 55.35	 54.10	 54.50	 55.19	 57.54	 57.41	 57.47
125	 LEU	  55.55	 55.49	 54.96	 54.91	 55.27	 59.35	 59.33	 57.78	 59.09	 59.51	 59.38	 54.69	 53.60	 58.32	 55.28	 58.36	 55.08	 55.61	 54.85	 54.48	 55.20
126	 ARG	  55.76	 53.84	 53.42	 57.64	 54.80	 54.54	 54.99	 58.14	 54.51	 56.34	 54.01	 53.69	 54.39	 57.50	 55.67	 54.48	 53.99	 54.66	 57.47	 53.66	 57.25
127	 LYS	  56.11	 57.53	 55.75	 57.42	 55.94	 57.02	 57.81	 58.51	 57.87	 57.92	 57.34	 57.46	 58.25	 53.78	 54.46	 55.31	 57.15	 56.79	 57.88	 56.34	 54.61
128	 SER	  57.35	 57.82	 56.95	 59.83	 56.74	 56.27	 56.37	 55.75	 57.62	 56.15	 58.03	 56.19	 56.48	 56.13	 60.47	 56.62	 56.49	 60.23	 58.88	 59.22	 57.87
129	 GLU	  56.81	 56.77	 57.10	 56.42	 58.18	 56.28	 57.09	 56.41	 56.88	 56.40	 57.35	 56.84	 56.74	 56.57	 56.45	 56.46	 56.49	 56.29	 56.14	 56.58	 56.36
130	 ALA	  53.10	 53.17	 53.34	 53.10	 53.11	 53.26	 52.89	 53.30	 53.34	 52.86	 53.03	 52.71	 53.06	 53.03	 52.80	 53.31	 52.98	 53.02	 52.98	 52.89	 52.92
131	 GLN	  57.76	 54.30	 53.58	 54.87	 58.20	 53.10	 54.44	 53.43	 57.95	 53.73	 54.57	 53.97	 58.25	 54.45	 54.26	 54.80	 54.30	 54.38	 55.34	 54.38	 55.40
132	 ALA	  51.92	 51.91	 52.61	 51.94	 52.45	 52.40	 52.15	 52.31	 52.65	 51.86	 52.13	 51.93	 51.98	 52.08	 51.85	 52.47	 51.99	 52.16	 52.16	 51.93	 51.96
133	 LYS	  57.13	 57.68	 55.73	 57.43	 53.06	 57.13	 57.30	 55.83	 55.87	 56.98	 56.86	 57.63	 56.78	 56.58	 57.12	 55.33	 57.22	 56.78	 56.73	 57.17	 57.17
134	 LYS	  55.68	 58.29	 54.35	 58.18	 57.85	 54.75	 55.99	 54.66	 54.45	 58.28	 55.10	 58.35	 55.02	 55.14	 58.24	 54.20	 54.99	 55.16	 55.53	 55.53	 56.93
135	 GLU	  56.06	 56.06	 55.08	 55.57	 56.11	 55.82	 56.70	 55.53	 55.36	 55.73	 55.29	 56.08	 56.27	 55.13	 55.84	 54.12	 55.84	 55.98	 55.89	 56.21	 56.11
136	 LYS	  53.89	 53.32	 53.91	 53.26	 53.40	 53.74	 53.81	 54.00	 53.97	 53.35	 53.43	 54.19	 53.72	 53.35	 53.36	 53.30	 53.55	 53.19	 53.36	 53.55	 53.73
137	 LEU	  53.52	 54.81	 53.54	 55.17	 54.75	 53.61	 53.72	 53.77	 53.41	 54.91	 54.54	 53.30	 54.35	 54.13	 54.47	 54.72	 54.81	 54.72	 54.40	 53.79	 53.76
138	 ASN	  49.82	 49.69	 49.49	 50.53	 49.80	 49.89	 50.10	 50.23	 50.29	 50.28	 50.11	 50.44	 49.92	 51.13	 49.99	 50.78	 50.52	 50.64	 50.26	 50.28	 50.79
139	 ILE	  62.68	 62.62	 62.56	 62.51	 62.23	 62.56	 62.76	 62.66	 62.67	 62.63	 62.60	 62.66	 62.70	 62.63	 62.66	 62.62	 62.38	 62.67	 62.61	 62.54	 62.58
140	 TRP	  54.28	 54.35	 52.66	 53.68	 54.67	 53.32	 53.39	 52.78	 53.14	 52.23	 53.12	 56.43	 51.96	 52.59	 53.34	 54.97	 53.91	 53.59	 53.46	 53.28	 53.46
141	 SER	  54.37	 52.32	 51.28	 51.23	 55.62	 52.23	 52.80	 54.27	 54.37	 55.59	 53.64	 55.14	 55.45	 52.70	 54.26	 54.55	 54.15	 51.71	 53.90	 51.13	 51.20
142	 GLU	  55.08	 53.76	 54.57	 53.82	 54.56	 54.27	 55.07	 54.49	 54.56	 54.41	 54.81	 52.74	 54.62	 54.50	 52.69	 52.37	 56.60	 54.44	 51.24	 54.69	 54.99
143	 ASP	  50.12	 51.61	 51.65	 49.91	 49.89	 50.47	 50.97	 50.68	 52.75	 50.98	 50.42	 51.09	 54.27	 51.31	 52.56	 49.93	 51.16	 50.85	 51.21	 48.77	 50.67
144	 ASN	  51.93	 49.35	 51.63	 51.13	 48.43	 50.79	 51.77	 49.98	 50.26	 55.93	 49.34	 52.77	 50.09	 52.95	 53.00	 50.08	 50.67	 54.80	 53.67	 50.27	 51.75
145	 ALA	  52.73	 50.10	 54.49	 49.10	 51.20	 47.73	 57.55	 47.27	 49.98	 50.95	 54.14	 48.05	 51.68	 55.97	 48.19	 51.07	 52.30	 51.92	 48.12	 51.47	 54.57
146	 ASP	  54.31	 52.57	 51.57	 52.46	 54.69	 50.40	 49.84	 55.28	 57.01	 51.37	 53.09	 53.34	 54.28	 52.21	 51.15	 51.26	 51.36	 51.17	 52.79	 58.15	 50.29
147	 SER	  53.56	 52.37	 57.96	 55.71	 51.35	 56.70	 54.93	 58.05	 54.97	 52.40	 55.73	 56.50	 56.39	 55.16	 53.32	 55.89	 56.44	 53.20	 55.25	 56.40	 58.70
148	 GLY	  44.00	 44.23	 41.18	 46.32	 42.85	 41.52	 44.69	 46.27	 45.88	 41.06	 41.05	 46.28	 44.87	 44.87	 42.57	 44.82	 43.87	 45.18	 43.29	 44.18	 46.57
149	 GLN	 999.00	999.00	999.00	999.00	999.00	999.00	999.00	999.00	999.00	999.00	999.00	999.00	999.00	999.00	999.00	999.00	999.00	999.00	999.00	999.00	999.00

Cb Chemical Shifts
1	 ALA	 999.00	999.00	999.00	999.00	999.00	999.00	999.00	999.00	999.00	999.00	999.00	999.00	999.00	999.00	999.00	999.00	999.00	999.00	999.00	999.00	999.00
2	 THR	  64.58	 63.31	 67.81	 64.03	 69.23	 68.61	 67.59	 70.75	 68.30	 66.52	 68.80	 69.11	 66.46	 68.74	 68.11	 67.35	 62.71	 62.00	 69.65	 69.69	 68.37
3	 SER	  60.08	 62.67	 59.04	 67.41	 66.33	 62.44	 58.02	 64.44	 61.29	 58.58	 69.05	 65.06	 63.65	 65.52	 68.28	 61.76	 60.98	 59.73	 59.17	 61.19	 59.08
4	 THR	  67.42	 66.46	 69.00	 69.51	 67.26	 66.63	 67.85	 64.57	 67.69	 66.59	 65.72	 65.67	 67.80	 70.51	 67.02	 64.00	 66.82	 62.77	 63.45	 67.98	 65.74
5	 LYS	  28.24	 36.53	 32.03	 30.89	 28.56	 34.09	 33.92	 28.27	 32.71	 29.66	 29.63	 28.94	 31.90	 27.68	 28.50	 25.56	 32.50	 31.90	 32.63	 34.35	 32.42
6	 LYS	  21.01	 29.88	 30.12	 34.43	 32.36	 30.30	 30.58	 32.38	 30.34	 31.20	 29.70	 33.51	 30.24	 30.14	 30.80	 32.79	 30.49	 30.32	 37.86	 27.67	 28.11
7	 LEU	  39.34	 37.75	 35.40	 39.60	 43.89	 42.33	 41.78	 39.52	 41.08	 42.54	 38.75	 39.49	 40.71	 40.05	 37.80	 39.58	 39.01	 41.60	 43.58	 30.50	 43.65
8	 HIS	  28.25	 30.50	 28.94	 31.03	 30.65	 30.24	 29.63	 29.53	 29.72	 30.65	 30.25	 29.68	 27.94	 28.62	 29.89	 30.63	 27.64	 30.34	 30.74	 29.52	 28.24
9	 LYS	  26.74	 26.74	 29.07	 26.79	 29.58	 26.02	 25.67	 29.11	 29.05	 27.24	 27.02	 26.72	 27.23	 27.10	 28.88	 28.54	 25.55	 30.42	 28.90	 25.59	 29.27
10	 GLU	  25.06	 24.59	 26.77	 26.21	 25.56	 27.16	 25.71	 31.31	 25.16	 25.19	 28.61	 24.11	 27.89	 27.55	 30.46	 29.20	 28.41	 27.57	 24.90	 24.58	 30.91
11	 ALA	  18.33	 18.20	 18.12	 18.43	 18.04	 17.61	 18.12	 13.09	 18.11	 18.16	 18.87	 17.94	 18.25	 18.25	 12.21	 18.64	 18.77	 17.70	 18.42	 18.52	 12.83
12	 ALA	  13.83	 13.73	 13.87	 13.84	 13.82	 13.77	 13.79	 14.48	 13.79	 13.78	 13.90	 13.75	 13.85	 13.73	 13.73	 13.83	 14.01	 13.76	 13.94	 13.82	 14.38
13	 THR	  71.15	 73.06	 71.99	 72.68	 71.75	 72.00	 71.81	 69.42	 72.46	 73.04	 72.12	 74.54	 74.07	 73.72	 71.65	 72.12	 72.29	 71.56	 73.25	 71.17	 70.82
14	 LEU	  40.64	 41.01	 40.68	 42.54	 40.65	 40.97	 40.74	 41.12	 40.65	 42.50	 40.67	 41.90	 40.68	 40.97	 40.54	 40.64	 41.25	 40.55	 41.40	 40.69	 40.84
15	 ILE	  37.33	 37.98	 37.39	 39.60	 37.22	 37.23	 37.41	 39.98	 37.60	 39.68	 37.63	 38.83	 39.50	 33.10	 37.15	 37.39	 37.99	 37.13	 38.35	 37.61	 38.00
16	 LYS	  32.63	 28.34	 34.63	 29.38	 24.24	 24.13	 30.60	 28.81	 32.04	 33.85	 26.82	 29.62	 33.52	 28.59	 24.17	 30.23	 26.45	 33.47	 23.97	 25.06	 30.24
17	 ALA	  17.74	 16.60	 17.37	 16.96	 17.06	 17.14	 17.03	 16.97	 17.20	 16.89	 17.43	 17.24	 16.94	 16.66	 16.85	 17.22	 17.38	 17.04	 17.27	 17.07	 17.20
18	 ILE	  38.17	 38.16	 34.84	 38.24	 38.49	 38.40	 38.44	 38.67	 38.59	 37.68	 35.65	 38.30	 38.88	 35.87	 35.56	 34.82	 34.41	 34.89	 38.50	 38.72	 38.32
19	 ASP	  42.40	 42.23	 42.41	 42.33	 40.41	 40.51	 40.26	 43.72	 42.21	 42.40	 40.45	 39.09	 44.61	 44.27	 39.77	 42.22	 41.40	 39.58	 40.02	 41.99	 40.10
20	 GLY	 999.00	999.00	999.00	999.00	999.00	999.00	999.00	999.00	999.00	999.00	999.00	999.00	999.00	999.00	999.00	999.00	999.00	999.00	999.00	999.00	999.00
21	 ASP	  36.18	 36.79	 36.49	 36.13	 36.09	 35.90	 36.05	 41.17	 36.64	 37.37	 36.41	 36.79	 36.68	 36.85	 41.12	 35.80	 36.57	 41.26	 35.88	 36.88	 36.27
22	 THR	  65.57	 64.27	 66.24	 65.05	 63.49	 64.06	 63.63	 65.38	 63.66	 65.64	 65.75	 64.87	 63.47	 63.45	 66.37	 63.88	 67.55	 67.41	 64.63	 65.36	 65.92
23	 VAL	  31.85	 28.51	 31.66	 28.18	 31.82	 31.80	 31.87	 33.80	 31.75	 29.75	 27.66	 32.47	 32.34	 32.37	 32.86	 32.01	 29.87	 32.98	 31.94	 31.74	 32.14
24	 LYS	  33.00	 31.08	 30.90	 32.55	 33.14	 33.11	 33.23	 32.26	 33.13	 32.14	 32.52	 33.14	 32.50	 33.15	 33.23	 33.12	 30.99	 33.13	 33.23	 32.25	 33.23
25	 LEU	  43.32	 43.78	 43.18	 43.52	 43.67	 43.62	 43.65	 43.60	 43.43	 43.59	 43.60	 43.29	 43.57	 43.99	 43.01	 43.36	 43.65	 43.27	 43.56	 43.51	 43.46
26	 MET	  30.74	 32.18	 31.66	 34.33	 30.54	 30.96	 31.88	 30.53	 30.33	 32.53	 31.77	 29.66	 33.84	 32.12	 29.83	 31.07	 31.85	 31.81	 32.87	 30.21	 31.79
27	 TYR	  38.13	 38.83	 37.63	 38.11	 38.86	 38.10	 38.68	 37.99	 38.30	 38.25	 37.58	 37.88	 39.28	 38.30	 37.45	 37.94	 37.59	 37.97	 37.80	 37.60	 37.13
28	 LYS	  33.73	 24.88	 33.85	 34.40	 24.47	 33.85	 22.34	 24.17	 21.84	 34.43	 33.90	 33.88	 34.40	 34.42	 34.22	 33.91	 34.44	 33.96	 34.40	 34.43	 33.70
29	 GLY	 999.00	999.00	999.00	999.00	999.00	999.00	999.00	999.00	999.00	999.00	999.00	999.00	999.00	999.00	999.00	999.00	999.00	999.00	999.00	999.00	999.00
30	 GLN	  28.25	 28.31	 28.07	 28.16	 28.48	 28.34	 28.13	 28.57	 26.19	 28.11	 26.01	 28.27	 28.43	 26.65	 26.00	 28.25	 27.73	 28.29	 27.94	 26.20	 26.00
31	 ALA	  15.70	 15.45	 16.05	 15.68	 15.61	 16.30	 15.42	 15.56	 15.32	 16.12	 15.36	 16.09	 16.01	 16.66	 15.36	 15.63	 15.48	 15.69	 15.50	 15.91	 15.32
32	 MET	  30.72	 30.72	 31.50	 30.38	 30.68	 31.14	 30.82	 31.01	 30.68	 31.66	 30.19	 31.29	 31.40	 31.94	 30.42	 30.69	 31.11	 31.06	 30.96	 31.96	 30.77
33	 THR	  65.31	 65.11	 66.02	 66.94	 66.41	 65.27	 64.73	 65.67	 65.35	 65.18	 63.68	 66.02	 65.43	 66.55	 64.82	 66.67	 64.08	 66.68	 65.40	 65.59	 64.95
34	 PHE	  41.65	 41.84	 41.42	 41.69	 41.36	 41.65	 41.37	 41.85	 41.85	 41.85	 41.66	 41.90	 41.45	 41.81	 41.81	 41.46	 41.82	 41.86	 41.38	 41.24	 42.07
35	 ARG	  33.25	 34.60	 30.74	 33.07	 31.60	 33.61	 32.35	 32.90	 33.63	 33.54	 31.76	 33.82	 34.17	 34.61	 32.00	 32.38	 32.73	 33.95	 31.19	 31.00	 33.13
36	 LEU	  42.91	 43.00	 41.34	 42.99	 42.81	 40.93	 42.54	 43.67	 42.77	 43.34	 42.30	 43.00	 41.43	 39.80	 41.24	 42.53	 43.40	 43.59	 43.56	 43.19	 43.44
37	 LEU	  43.48	 43.46	 43.08	 43.40	 43.51	 41.17	 43.22	 42.88	 43.52	 43.44	 43.28	 43.51	 41.16	 43.53	 43.48	 43.51	 40.88	 43.46	 40.84	 43.47	 43.53
38	 LEU	  36.75	 37.93	 38.47	 37.08	 35.79	 37.36	 38.08	 36.97	 38.27	 36.22	 37.86	 36.84	 37.07	 37.57	 37.19	 37.03	 35.61	 38.15	 39.19	 37.13	 38.56
39	 VAL	  32.15	 31.91	 32.74	 32.69	 32.17	 31.82	 32.52	 32.72	 31.72	 31.90	 31.65	 32.29	 32.65	 32.14	 31.91	 32.99	 32.19	 32.84	 32.88	 32.03	 32.79
40	 ASP	  43.94	 42.56	 41.90	 42.64	 43.42	 43.27	 43.81	 42.90	 42.39	 44.52	 44.38	 43.90	 44.28	 44.11	 44.17	 43.32	 44.03	 43.78	 43.42	 44.32	 43.54
41	 THR	  62.76	 62.46	 62.43	 62.62	 62.64	 62.68	 63.06	 65.24	 62.43	 66.55	 65.93	 64.89	 61.91	 63.26	 61.91	 62.29	 61.47	 65.12	 63.91	 61.68	 64.73
42	 ALA	  14.08	 12.72	 14.18	 13.85	 14.27	 13.46	 11.52	 10.85	 15.20	 14.13	 13.92	 14.59	 13.94	 15.09	 11.94	 15.38	 12.24	 14.72	 14.76	 13.60	 15.12
43	 GLU	  30.07	 29.55	 28.91	 28.62	 30.55	 26.77	 28.48	 28.11	 28.95	 28.46	 28.11	 26.08	 25.83	 29.21	 29.30	 25.02	 30.85	 24.71	 24.11	 22.91	 28.54
44	 THR	  64.39	 64.99	 66.25	 70.75	 61.93	 65.95	 64.26	 66.05	 66.74	 66.20	 65.95	 60.98	 64.09	 58.38	 61.76	 67.15	 61.84	 66.65	 63.62	 65.50	 63.80
45	 LYS	  26.02	 26.10	 25.15	 28.99	 26.86	 26.37	 28.51	 25.95	 25.52	 25.88	 26.23	 25.49	 28.17	 20.36	 26.59	 25.27	 27.75	 26.39	 25.05	 24.26	 27.85
46	 HIS	  32.45	 32.53	 25.53	 31.61	 32.61	 32.56	 33.69	 32.34	 30.73	 27.24	 33.50	 31.01	 32.75	 29.73	 32.18	 23.88	 34.45	 30.28	 32.62	 32.20	 32.52
47	 THR	  61.23	 61.08	 75.39	 63.99	 60.42	 60.46	 63.83	 60.14	 61.59	 63.39	 60.98	 60.30	 60.92	 61.65	 61.50	 60.99	 63.27	 66.56	 60.48	 62.22	 60.27
48	 LYS	  33.18	 33.86	 33.61	 32.30	 33.27	 33.27	 32.25	 32.78	 31.05	 31.77	 32.31	 33.49	 33.07	 24.35	 33.10	 34.35	 31.40	 25.06	 30.82	 32.87	 32.07
49	 LYS	  25.81	 25.84	 26.33	 25.84	 26.05	 20.70	 26.12	 25.90	 27.73	 24.52	 25.82	 20.29	 26.13	 27.27	 25.84	 26.72	 27.16	 27.69	 25.66	 25.62	 25.75
50	 GLY	 999.00	999.00	999.00	999.00	999.00	999.00	999.00	999.00	999.00	999.00	999.00	999.00	999.00	999.00	999.00	999.00	999.00	999.00	999.00	999.00	999.00
51	 VAL	  34.00	 33.95	 36.60	 34.05	 30.97	 32.60	 33.56	 34.03	 33.02	 33.18	 32.80	 33.71	 32.68	 36.56	 31.96	 31.30	 32.61	 34.46	 34.19	 37.07	 33.79
52	 GLU	  24.88	 24.85	 22.73	 24.55	 24.82	 25.13	 24.37	 25.85	 25.29	 25.94	 25.17	 24.75	 24.61	 25.51	 24.37	 24.74	 24.39	 24.20	 26.14	 24.45	 25.38
53	 LYS	  25.22	 23.47	 25.21	 27.93	 23.64	 24.09	 24.36	 31.28	 24.70	 25.44	 21.12	 23.74	 23.28	 26.04	 28.57	 27.48	 29.32	 21.57	 21.21	 20.70	 25.98
54	 TYR	  29.56	 31.35	 32.80	 31.60	 30.62	 29.89	 27.66	 33.41	 30.99	 28.95	 31.24	 31.51	 27.16	 28.19	 28.87	 29.65	 27.69	 31.71	 28.16	 30.21	 33.35
55	 GLY	 999.00	999.00	999.00	999.00	999.00	999.00	999.00	999.00	999.00	999.00	999.00	999.00	999.00	999.00	999.00	999.00	999.00	999.00	999.00	999.00	999.00
56	 ALA	  16.91	 16.74	 16.88	 16.86	 16.90	 16.88	 17.29	 17.13	 16.81	 16.93	 16.86	 17.12	 17.15	 17.40	 16.83	 17.45	 17.06	 16.97	 17.36	 16.81	 17.13
57	 GLU	  27.84	 29.32	 26.93	 29.28	 28.58	 27.16	 26.41	 27.36	 31.03	 26.57	 29.91	 29.02	 27.91	 27.99	 30.54	 28.42	 27.96	 28.92	 27.24	 28.12	 26.29
58	 ALA	  16.85	 16.83	 16.85	 16.88	 16.84	 16.85	 16.85	 16.83	 16.93	 16.84	 16.85	 16.87	 16.84	 16.98	 16.93	 17.00	 16.88	 16.89	 16.86	 16.83	 16.82
59	 SER	  60.69	 62.80	 61.30	 61.84	 66.62	 62.10	 61.28	 61.20	 66.42	 63.93	 60.39	 63.92	 60.49	 60.90	 60.73	 59.62	 58.66	 60.62	 66.19	 61.69	 60.18
60	 ALA	  16.87	 16.77	 16.84	 16.94	 16.87	 16.77	 16.84	 17.00	 16.91	 16.88	 16.90	 16.73	 16.94	 16.87	 16.74	 16.88	 16.79	 16.90	 16.93	 17.03	 16.95
61	 PHE	  37.50	 37.81	 38.15	 37.40	 37.75	 37.71	 37.41	 37.97	 38.02	 37.49	 37.33	 37.94	 37.75	 37.52	 38.14	 37.49	 37.93	 38.02	 37.87	 37.49	 37.36
62	 THR	  66.73	 68.19	 68.09	 68.13	 67.98	 67.80	 67.43	 67.66	 67.29	 66.78	 67.95	 66.17	 67.39	 68.06	 68.11	 67.89	 67.88	 67.49	 68.17	 67.75	 68.00
63	 LYS	  31.40	 30.78	 32.72	 31.02	 33.55	 30.81	 32.91	 31.28	 31.41	 31.42	 31.44	 28.62	 31.19	 31.40	 27.95	 31.42	 28.04	 33.70	 31.35	 33.49	 31.12
64	 LYS	  28.55	 30.03	 26.52	 28.52	 27.67	 29.48	 27.90	 28.09	 27.80	 28.79	 29.06	 30.33	 27.16	 28.96	 27.35	 28.95	 28.36	 27.95	 28.87	 27.79	 28.79
65	 MET	  30.24	 31.69	 34.47	 29.18	 30.31	 29.00	 33.44	 32.16	 33.90	 28.72	 29.02	 33.53	 30.75	 30.42	 30.15	 30.43	 31.01	 29.05	 29.14	 30.38	 28.75
66	 VAL	  27.02	 26.92	 26.79	 26.79	 26.98	 29.45	 29.98	 30.61	 26.78	 26.92	 26.94	 29.33	 30.22	 27.14	 27.11	 27.09	 27.24	 27.12	 27.35	 29.94	 29.71
67	 GLU	  28.59	 28.69	 27.63	 22.67	 27.17	 29.10	 27.98	 29.63	 30.17	 29.52	 28.41	 23.52	 29.12	 22.32	 28.32	 27.58	 23.19	 28.30	 29.13	 28.01	 23.01
68	 ASN	  33.96	 38.57	 38.58	 37.72	 38.47	 34.99	 34.67	 39.04	 38.52	 37.62	 35.08	 35.27	 38.25	 37.91	 41.24	 38.80	 36.99	 41.07	 38.18	 37.72	 38.14
69	 ALA	  16.81	 16.89	 14.85	 16.84	 16.92	 16.70	 16.84	 14.73	 14.84	 16.84	 16.86	 16.80	 14.73	 16.80	 14.72	 16.86	 16.77	 14.71	 16.79	 16.79	 16.80
70	 LYS	  26.41	 24.62	 29.27	 27.11	 26.51	 25.97	 25.83	 26.81	 28.50	 25.04	 25.03	 26.08	 26.99	 24.44	 27.14	 26.51	 26.44	 27.35	 26.01	 25.94	 26.56
71	 LYS	  32.66	 32.62	 32.42	 32.57	 31.76	 32.53	 31.77	 31.53	 31.66	 32.67	 32.61	 32.66	 31.57	 32.71	 31.50	 32.63	 30.32	 31.57	 32.49	 32.49	 31.77
72	 ILE	  38.73	 38.86	 38.74	 38.79	 38.84	 38.85	 38.79	 38.64	 38.67	 38.78	 38.83	 38.81	 38.71	 38.79	 38.61	 38.83	 38.80	 38.71	 38.80	 38.84	 38.77
73	 GLU	  31.44	 28.21	 29.00	 30.29	 29.27	 31.69	 28.11	 28.06	 31.45	 31.33	 30.20	 32.21	 31.13	 32.04	 27.55	 30.38	 31.85	 30.57	 30.27	 30.77	 28.56
74	 VAL	  30.50	 29.81	 30.29	 31.11	 30.65	 31.43	 30.05	 32.39	 32.03	 30.95	 31.52	 30.33	 30.30	 31.03	 32.82	 31.37	 30.78	 32.02	 30.64	 30.58	 32.57
75	 GLU	  29.47	 31.00	 27.59	 29.19	 29.49	 29.47	 27.04	 29.36	 27.42	 29.56	 29.30	 29.99	 27.33	 29.51	 29.61	 29.51	 31.07	 29.14	 28.83	 29.34	 29.59
76	 PHE	  40.73	 40.47	 41.62	 40.29	 40.10	 40.23	 40.73	 39.65	 40.54	 39.39	 40.24	 40.27	 39.74	 39.82	 40.24	 39.46	 40.01	 38.13	 40.07	 39.90	 40.73
77	 ASP	  44.42	 43.41	 38.32	 43.81	 44.13	 38.67	 42.24	 43.28	 43.10	 44.40	 42.33	 42.58	 42.31	 42.15	 38.80	 44.19	 42.82	 42.31	 43.59	 42.61	 42.42
78	 LYS	  32.46	 31.14	 30.76	 26.96	 27.51	 31.88	 26.79	 32.65	 27.60	 27.76	 32.65	 28.76	 26.28	 31.74	 27.76	 31.19	 31.20	 25.85	 26.25	 30.61	 31.70
79	 GLY	 999.00	999.00	999.00	999.00	999.00	999.00	999.00	999.00	999.00	999.00	999.00	999.00	999.00	999.00	999.00	999.00	999.00	999.00	999.00	999.00	999.00
80	 GLN	  23.22	 27.64	 28.80	 28.85	 25.44	 27.90	 23.39	 26.82	 29.57	 25.57	 29.17	 27.83	 27.63	 24.84	 28.61	 24.88	 23.71	 26.32	 26.43	 24.51	 28.25
81	 ARG	  30.04	 31.19	 31.35	 31.61	 29.85	 29.40	 31.23	 31.90	 30.84	 29.47	 31.22	 30.45	 30.02	 32.43	 29.56	 31.83	 28.98	 31.43	 29.94	 31.06	 29.59
82	 THR	  68.69	 68.61	 68.64	 68.52	 68.60	 69.48	 68.05	 69.29	 68.03	 68.43	 68.50	 68.81	 68.35	 68.18	 69.43	 68.76	 67.95	 69.25	 68.00	 68.29	 68.75
83	 ASP	  36.77	 36.47	 39.02	 42.81	 33.46	 36.54	 36.49	 35.87	 36.48	 33.63	 36.59	 36.66	 33.65	 33.71	 35.65	 35.94	 37.07	 39.12	 35.49	 36.02	 34.30
84	 LYS	  25.34	 30.07	 36.91	 21.42	 26.27	 25.91	 29.95	 27.39	 25.14	 25.99	 25.90	 26.10	 26.34	 26.64	 26.78	 28.04	 29.40	 25.52	 32.54	 32.60	 32.68
85	 TYR	  40.08	 37.90	 36.09	 37.93	 41.96	 39.23	 41.67	 38.12	 41.28	 42.35	 40.66	 38.55	 41.85	 41.79	 42.10	 38.36	 41.32	 34.37	 41.68	 39.84	 41.65
86	 GLY	 999.00	999.00	999.00	999.00	999.00	999.00	999.00	999.00	999.00	999.00	999.00	999.00	999.00	999.00	999.00	999.00	999.00	999.00	999.00	999.00	999.00
87	 ARG	  28.82	 32.60	 32.43	 31.45	 28.10	 29.26	 30.18	 30.37	 30.90	 32.25	 27.18	 32.19	 31.80	 32.41	 29.24	 27.09	 30.15	 25.22	 31.88	 29.61	 29.01
88	 GLY	 999.00	999.00	999.00	999.00	999.00	999.00	999.00	999.00	999.00	999.00	999.00	999.00	999.00	999.00	999.00	999.00	999.00	999.00	999.00	999.00	999.00
89	 LEU	  42.29	 42.49	 36.26	 40.78	 41.59	 41.15	 39.03	 41.81	 40.85	 42.00	 41.95	 42.60	 41.53	 40.16	 42.25	 41.87	 39.45	 42.60	 39.59	 39.18	 42.24
90	 ALA	  14.36	 14.38	 14.77	 14.55	 14.39	 14.68	 14.05	 14.68	 14.55	 14.47	 14.42	 14.25	 14.76	 14.13	 14.71	 14.64	 14.58	 14.53	 14.34	 14.59	 14.47
91	 TYR	  36.91	 36.34	 34.13	 35.34	 35.45	 36.86	 34.90	 34.80	 33.96	 35.71	 35.21	 36.60	 36.80	 36.01	 34.48	 36.79	 36.26	 35.36	 35.57	 36.21	 35.34
92	 ILE	  33.47	 32.84	 33.27	 33.01	 33.23	 33.51	 32.80	 32.95	 32.90	 33.03	 33.02	 32.99	 32.93	 33.54	 33.44	 33.20	 32.89	 32.99	 33.00	 32.86	 33.04
93	 TYR	  36.75	 36.55	 36.79	 37.41	 36.48	 37.08	 36.58	 37.52	 37.59	 37.77	 39.18	 37.70	 39.45	 36.49	 37.42	 36.32	 36.18	 39.82	 36.33	 36.47	 37.13
94	 ALA	  18.33	 17.93	 17.83	 18.75	 18.62	 17.91	 17.74	 18.03	 17.91	 18.09	 18.32	 18.13	 18.03	 17.71	 17.60	 18.13	 18.58	 18.21	 17.78	 18.03	 17.88
95	 ASP	  39.44	 38.13	 37.72	 38.07	 38.01	 38.73	 39.09	 38.62	 37.84	 38.75	 37.87	 38.83	 37.56	 37.96	 38.14	 37.76	 39.72	 38.04	 38.80	 39.29	 39.54
96	 GLY	 999.00	999.00	999.00	999.00	999.00	999.00	999.00	999.00	999.00	999.00	999.00	999.00	999.00	999.00	999.00	999.00	999.00	999.00	999.00	999.00	999.00
97	 LYS	  32.41	 30.52	 30.53	 32.11	 32.34	 32.72	 29.88	 30.49	 30.43	 32.06	 32.51	 32.15	 32.62	 30.52	 30.50	 30.49	 32.30	 30.50	 30.43	 32.09	 30.54
98	 MET	  34.38	 29.34	 29.34	 27.20	 34.43	 33.32	 31.39	 30.96	 28.96	 32.28	 32.23	 30.84	 33.31	 33.89	 29.87	 33.91	 34.58	 32.50	 33.48	 30.73	 34.60
99	 VAL	  30.03	 30.04	 29.93	 29.93	 30.23	 30.02	 30.13	 29.84	 29.90	 29.95	 29.70	 30.13	 29.98	 29.95	 29.97	 30.30	 29.90	 29.67	 29.93	 30.28	 29.37
100	 ASN	  35.05	 35.11	 28.98	 35.58	 35.04	 28.71	 35.92	 35.08	 35.05	 33.36	 36.75	 28.54	 29.65	 35.17	 29.59	 35.11	 35.10	 34.84	 29.43	 30.50	 35.02
101	 GLU	  28.87	 28.05	 28.52	 23.83	 28.70	 27.67	 25.81	 28.09	 28.48	 23.18	 23.93	 26.11	 24.99	 26.50	 28.57	 27.65	 28.38	 24.55	 27.79	 30.46	 28.86
102	 ALA	  16.76	 16.82	 16.81	 16.89	 16.97	 16.83	 16.81	 16.82	 16.82	 16.77	 16.83	 16.78	 16.94	 16.75	 16.80	 16.85	 16.99	 16.84	 16.81	 16.82	 16.74
103	 LEU	  41.35	 40.91	 40.78	 40.91	 40.03	 40.89	 42.56	 41.16	 41.13	 41.85	 41.57	 42.65	 41.30	 41.49	 40.88	 40.27	 40.18	 41.42	 41.11	 41.81	 42.62
104	 VAL	  29.86	 29.80	 29.96	 29.87	 29.81	 29.88	 29.99	 30.02	 30.29	 30.00	 29.95	 29.99	 29.92	 29.95	 29.92	 29.51	 29.65	 29.82	 29.81	 29.97	 29.88
105	 ARG	  27.79	 30.12	 29.27	 28.26	 27.89	 26.24	 29.74	 29.56	 30.89	 27.83	 28.20	 29.63	 28.23	 29.04	 28.87	 29.29	 31.55	 28.20	 29.57	 28.99	 28.65
106	 GLN	  29.66	 30.43	 26.81	 30.63	 29.03	 30.04	 30.52	 30.19	 28.41	 27.72	 29.96	 30.58	 29.87	 30.93	 29.93	 29.90	 30.80	 31.48	 31.35	 29.53	 29.92
107	 GLY	 999.00	999.00	999.00	999.00	999.00	999.00	999.00	999.00	999.00	999.00	999.00	999.00	999.00	999.00	999.00	999.00	999.00	999.00	999.00	999.00	999.00
108	 LEU	  44.34	 44.17	 44.58	 43.18	 44.07	 43.84	 43.59	 43.51	 43.88	 43.42	 43.23	 43.42	 44.29	 43.86	 44.02	 43.61	 45.07	 43.74	 44.10	 44.47	 43.50
109	 ALA	  19.35	 19.15	 18.91	 19.43	 19.53	 19.45	 19.13	 18.89	 18.89	 19.53	 19.24	 19.65	 19.53	 19.60	 19.49	 18.04	 19.02	 18.64	 19.36	 19.24	 19.44
110	 LYS	  28.32	 27.89	 30.14	 28.48	 29.78	 29.98	 27.47	 29.97	 31.31	 30.26	 29.69	 32.32	 30.62	 30.46	 30.08	 25.87	 28.30	 32.83	 28.60	 30.26	 29.88
111	 VAL	  29.41	 30.05	 30.65	 29.47	 29.12	 28.63	 29.89	 32.35	 29.08	 28.87	 30.42	 28.10	 30.22	 28.88	 28.72	 32.02	 29.92	 28.11	 28.91	 28.77	 28.84
112	 ALA	  17.10	 17.16	 17.14	 17.08	 17.19	 17.28	 17.09	 17.11	 17.20	 17.36	 17.16	 17.12	 17.28	 18.53	 16.90	 17.51	 17.06	 17.53	 17.07	 16.92	 17.05
113	 TYR	  40.10	 35.87	 32.83	 36.87	 35.44	 28.34	 40.11	 37.20	 35.76	 38.48	 40.14	 41.67	 34.05	 36.67	 27.81	 39.42	 33.40	 40.41	 40.39	 39.53	 35.38
114	 VAL	  30.20	 29.68	 27.38	 27.41	 28.48	 30.43	 28.44	 28.13	 30.62	 28.34	 29.28	 30.72	 27.90	 30.47	 30.05	 28.39	 28.40	 28.02	 30.48	 30.62	 28.41
115	 TYR	  35.38	 31.47	 31.27	 30.47	 42.28	 42.99	 35.19	 36.23	 30.50	 36.02	 31.19	 35.02	 42.36	 30.52	 31.46	 37.90	 35.54	 36.60	 35.18	 31.35	 31.16
116	 LYS	  26.43	 31.59	 25.82	 25.49	 26.47	 25.66	 25.68	 33.06	 33.21	 34.78	 29.62	 24.81	 25.63	 27.38	 29.79	 32.42	 25.69	 33.55	 25.75	 29.08	 30.66
117	 GLY	 999.00	999.00	999.00	999.00	999.00	999.00	999.00	999.00	999.00	999.00	999.00	999.00	999.00	999.00	999.00	999.00	999.00	999.00	999.00	999.00	999.00
118	 ASN	  38.92	 34.83	 34.52	 36.79	 36.60	 38.68	 34.64	 38.33	 32.12	 34.51	 35.11	 35.10	 33.70	 37.46	 32.71	 29.09	 28.15	 35.49	 36.83	 28.51	 34.90
119	 ASN	  40.85	 39.11	 29.44	 34.25	 40.57	 35.84	 40.49	 39.57	 35.79	 33.98	 34.72	 38.97	 33.27	 38.62	 38.27	 37.61	 41.88	 41.08	 40.91	 39.25	 38.02
120	 THR	  68.14	 65.62	 65.83	 67.72	 67.49	 66.10	 65.97	 68.36	 68.53	 67.46	 66.97	 67.82	 68.73	 67.77	 67.84	 67.83	 68.38	 66.27	 67.18	 66.91	 67.24
121	 HIS	  27.49	 28.84	 28.66	 28.73	 28.42	 27.84	 27.95	 28.82	 27.96	 29.61	 28.12	 28.23	 29.53	 28.35	 27.63	 28.08	 28.14	 28.37	 28.64	 29.04	 28.06
122	 GLU	  30.39	 24.76	 30.59	 30.23	 30.30	 25.85	 26.43	 25.90	 28.56	 29.71	 28.42	 30.30	 24.06	 26.68	 27.30	 28.55	 29.76	 30.40	 27.09	 29.50	 30.85
123	 GLN	  26.93	 26.01	 22.68	 22.13	 26.68	 25.71	 25.96	 24.88	 24.87	 23.12	 22.43	 22.60	 24.99	 22.20	 22.24	 26.23	 27.96	 23.12	 26.83	 27.46	 27.29
124	 LEU	  36.02	 36.90	 39.39	 40.45	 36.01	 37.61	 36.86	 36.91	 37.64	 37.20	 36.75	 40.43	 35.93	 37.48	 40.34	 37.11	 38.10	 39.33	 36.07	 36.04	 36.07
125	 LEU	  40.83	 41.25	 38.81	 38.28	 40.10	 39.36	 38.84	 38.20	 38.70	 41.08	 41.61	 38.40	 36.66	 38.28	 38.81	 38.34	 40.00	 40.12	 38.39	 38.00	 38.55
126	 ARG	  31.12	 29.75	 28.32	 30.75	 30.03	 30.16	 30.46	 31.24	 29.66	 31.45	 29.68	 27.96	 30.71	 31.76	 28.08	 27.86	 29.43	 25.45	 31.60	 28.80	 31.64
127	 LYS	  33.43	 32.78	 33.22	 32.52	 33.36	 32.83	 32.25	 32.02	 32.47	 32.24	 32.68	 32.63	 32.14	 27.79	 32.60	 33.09	 33.04	 33.11	 32.45	 33.11	 32.56
128	 SER	  64.98	 60.05	 62.08	 61.70	 63.04	 62.54	 59.26	 61.71	 59.74	 62.70	 60.72	 59.19	 63.79	 59.21	 66.53	 63.87	 62.05	 64.21	 61.00	 61.23	 60.08
129	 GLU	  28.39	 28.44	 28.72	 28.27	 23.55	 28.93	 29.74	 30.04	 28.84	 28.17	 23.83	 30.87	 28.72	 29.09	 28.07	 28.96	 28.50	 28.99	 28.69	 29.20	 28.49
130	 ALA	  16.82	 16.83	 16.91	 16.91	 16.82	 16.86	 16.78	 16.88	 16.91	 16.98	 16.85	 16.68	 16.81	 16.81	 17.03	 16.89	 16.80	 16.80	 16.95	 16.84	 16.97
131	 GLN	  27.20	 28.27	 26.35	 24.80	 29.70	 23.10	 30.26	 24.00	 27.01	 26.50	 30.67	 30.73	 28.03	 27.90	 29.96	 22.97	 27.38	 28.48	 24.21	 29.27	 24.88
132	 ALA	  17.18	 17.30	 16.91	 17.19	 16.90	 16.94	 16.94	 17.00	 16.89	 17.23	 16.95	 17.26	 17.05	 16.94	 17.27	 16.88	 17.21	 16.96	 16.82	 17.16	 17.10
133	 LYS	  32.29	 32.37	 31.83	 32.28	 31.27	 32.94	 32.62	 32.25	 32.02	 32.42	 32.48	 32.31	 32.39	 32.54	 32.52	 31.64	 32.40	 32.51	 32.52	 32.58	 32.38
134	 LYS	  28.86	 30.87	 31.56	 30.87	 30.00	 27.95	 29.03	 31.20	 31.49	 30.84	 28.20	 31.12	 28.38	 28.53	 30.75	 31.57	 28.47	 28.56	 28.60	 28.83	 30.09
135	 GLU	  29.89	 29.13	 30.56	 28.85	 30.10	 28.03	 31.46	 30.28	 30.33	 29.47	 28.08	 29.71	 29.81	 28.52	 29.06	 28.30	 28.41	 31.27	 31.34	 31.24	 30.08
136	 LYS	  23.97	 24.44	 23.93	 24.34	 25.60	 24.42	 24.60	 23.98	 24.08	 24.56	 23.41	 25.85	 24.00	 23.12	 24.43	 23.32	 23.45	 23.37	 23.15	 24.02	 24.08
137	 LEU	  42.01	 42.13	 41.04	 41.95	 41.77	 41.09	 42.50	 40.33	 42.17	 41.83	 42.81	 42.67	 41.91	 42.53	 40.52	 42.59	 42.65	 42.49	 39.83	 42.30	 41.07
138	 ASN	  41.05	 41.10	 41.09	 41.33	 41.16	 41.14	 41.21	 41.23	 37.65	 41.62	 41.21	 39.17	 41.17	 43.14	 41.18	 38.84	 38.84	 37.13	 41.24	 40.05	 40.84
139	 ILE	  33.37	 33.32	 33.28	 33.48	 33.50	 33.47	 33.50	 33.34	 33.29	 33.28	 33.48	 33.33	 33.30	 33.39	 33.34	 33.30	 33.49	 33.34	 33.37	 33.36	 33.40
140	 TRP	  25.96	 25.94	 24.76	 25.56	 25.89	 25.44	 25.72	 25.46	 25.34	 24.59	 25.37	 27.16	 24.44	 24.61	 25.40	 26.22	 25.76	 25.63	 25.60	 25.40	 25.54
141	 SER	  65.20	 63.47	 58.02	 57.87	 61.45	 59.52	 64.16	 62.56	 63.85	 63.93	 64.43	 58.57	 63.59	 63.71	 62.87	 61.30	 64.43	 62.80	 64.22	 62.63	 62.51
142	 GLU	  24.46	 24.69	 23.31	 24.55	 22.76	 23.70	 20.56	 23.40	 23.07	 23.67	 21.89	 26.70	 22.78	 23.10	 24.80	 25.89	 22.57	 23.69	 25.12	 22.92	 21.13
143	 ASP	  37.94	 45.84	 40.52	 41.76	 39.04	 42.17	 37.57	 42.58	 36.80	 44.30	 38.98	 42.96	 41.23	 42.77	 39.44	 39.76	 38.98	 38.78	 41.62	 42.71	 41.53
144	 ASN	  37.23	 38.51	 38.14	 38.27	 41.12	 37.39	 42.56	 37.29	 39.33	 35.36	 39.97	 40.24	 38.07	 35.26	 40.87	 38.26	 32.72	 42.61	 39.82	 30.46	 37.91
145	 ALA	  16.69	 17.42	 18.14	 18.12	 16.64	 16.88	 13.44	 16.18	 17.60	 19.77	 16.01	 16.96	 16.22	 15.25	 14.57	 18.02	 17.37	 19.89	 19.52	 17.91	 16.19
146	 ASP	  39.60	 37.06	 37.01	 41.39	 42.94	 38.06	 37.40	 37.09	 37.51	 42.70	 42.02	 41.95	 39.86	 39.90	 40.64	 42.97	 43.01	 43.38	 36.15	 37.05	 40.07
147	 SER	  59.71	 60.82	 62.34	 61.37	 60.40	 59.22	 62.96	 67.73	 60.72	 60.24	 59.37	 62.60	 62.79	 66.44	 60.29	 64.32	 61.57	 56.65	 59.56	 59.90	 64.18
148	 GLY	 999.00	999.00	999.00	999.00	999.00	999.00	999.00	999.00	999.00	999.00	999.00	999.00	999.00	999.00	999.00	999.00	999.00	999.00	999.00	999.00	999.00
149	 GLN	 999.00	999.00	999.00	999.00	999.00	999.00	999.00	999.00	999.00	999.00	999.00	999.00	999.00	999.00	999.00	999.00	999.00	999.00	999.00	999.00	999.00
